# Intrinsic matrix
658.772 0 479.5 
0 654.084 299.5 
0 0 1 

# Distortion coefficients
0.0949276 
-0.21073 
0.00191794 
-0.00853332 
0.297806 

# Extrinsic parameter number
5

# Rotation matrix 1
0.743027 -0.433201 0.510145 
0.497584 0.867336 0.0117849 
-0.447572 0.245084 0.860008 

# Rotation matrix 2
0.759884 -0.405729 0.507899 
0.464675 0.885399 0.0120748 
-0.454592 0.226832 0.861332 

# Rotation matrix 3
0.832093 -0.517245 0.200196 
0.502843 0.855837 0.121207 
-0.234029 -0.000187894 0.97223 

# Rotation matrix 4
0.834913 -0.47868 0.271636 
0.492487 0.8701 0.019572 
-0.245719 0.117436 0.962201 

# Rotation matrix 5
0.800717 -0.451143 0.394109 
0.492532 0.870283 -0.00445765 
-0.340976 0.197681 0.919053 

# Translation vector 1
298.108 
-211.739 
901.786 

# Translation vector 2
249.872 
-211.034 
916.529 

# Translation vector 3
161.327 
-207.253 
999.301 

# Translation vector 4
184.39 
-208.546 
955.278 

# Translation vector 5
215.178 
-207.403 
926.523 

